0.01000000
0.01107669
0.01226931
0.01359033
0.01505359
0.01667440
0.01846971
0.02045833
0.02266106
0.02510095
0.02780355
0.03079713
0.03411303
0.03778595
0.04185433
0.04636074
0.05135236
0.05688142
0.06300579
0.06978956
0.07730374
0.08562696
0.09484634
0.10505835
0.11636989
0.12889932
0.14277779
0.15815055
0.17517847
0.19403977
0.21493185
0.23807336
0.26370649
0.29209952
0.32354960
0.35838589
0.39697296
0.43971467
0.48705833
0.53949944
0.59758684
0.66192846
0.73319768
0.81214038
0.89958277
0.99644001
1.10372577
1.22256289
1.35419509
1.50000000

